53.78236015227613
1467.21156117603
316.8407152418105
525.4003600747209
375.70432606031636
208.60651088541988
271.0489767821196
51.202856190417066
48.121305301701746
100.5684601936985
43.44385204880675
10.284987838038516
12.188481074569559
9.892716521379992
7.346940197310967
14.69496019143865
6.907584254926466
6.416288080441719
15.40303894192266
1.5984825178034876
3.7871441413356868
2.4012764374083884
1.2576206793698703
1.6592925490170747
2.05927430581562
0.6142792660620617
0.5120767631120628
0.24634912906052783
0.9115638781113762
0.16615188296082745
0.0601191576379709
0.1848275779675437
0.06846326165270485
0.12054966353235812
0.006648417870850602
0.04134093871724683
0.008364908264825178
0.006181493087379066
0.0034267318839626263
0.0026172448129209856
0.0030233010074419515
0.0003036038718814428
0.0007895022317600879
0.0010439033816552837
0.0015499373490700545
0.00016219502732764358
3.780175877756641e-05
0.0002942785348762343
5.9241103446952885e-05
5.5899834298470785e-05
5.653523658472206e-06
